NAME: TEST-13-N200
 
--------------------------------------------------------------------------------
 
$ DATA SECTIONS
 
  NN  NK  NR NTR    VEL    BMAX    CPOW TIMEMAX QMAX F0CHAR F0VEHIC
 200  50   9   2    25.  20000.    125.    480. 2300   2.27   100.
 
CUSTOMERS:
  NO.  XCOORD.  YCOORD.  DEMAND  SERVICE TIME
 
   1       95       59      165            9.
   2       78       69      155            8.
   3       12       92      205            9.
   4       87       81      178           11.
   5       49      128      197           10.
   6       83       46      183            8.
   7       80      100      115            8.
   8       59       97      132           11.
   9      123       69      166            8.
  10       25       49      175            9.
  11       67      118      185            8.
  12       10       55      192            8.
  13       38      101      184            9.
  14      121       76      211           11.
  15       30      111      213           11.
  16      103       72      225           12.
  17       30      116      223           11.
  18      100       86      209           10.
  19       83      130      124           12.
  20      116      123      218            9.
  21       85       61      199            8.
  22       31       10      175           11.
  23      106       21      228            8.
  24       40       32      222            9.
  25       14       20      130           11.
  26       25       75      188           11.
  27       13       56      176            8.
  28       57       61      161           11.
  29       77       18      191            8.
  30      120      105      162            8.
  31      129       40      170            9.
  32      102       20      169           12.
  33       82       46      173            9.
  34       64       65      119            9.
  35       16       11      147           12.
  36      105       30      136            8.
  37       43      111      154            8.
  38      125      107      194           10.
  39       54       32      116            9.
  40       60       35      131           10.
  41      129       33      228           12.
  42      107      121      163           12.
  43       91       20      173            8.
  44      123       56      175           12.
  45       87       18      130            9.
  46       35      123      158           10.
  47       85       26      171            8.
  48       26       88      218            9.
  49       18       83      136           12.
  50       96      117      210            8.
  51       48      115      198           11.
  52       60      101      124           12.
  53      130       74      213            8.
  54       81       65      142           12.
  55       69       30      216            8.
  56       71      116      170           12.
  57       40       86      156           12.
  58       11       69      167            8.
  59       83       53      219            9.
  60       39      113      190           10.
  61       57       94      205           10.
  62      103       50      204           12.
  63       82       42      122            8.
  64       30      130      124            9.
  65      106      108      196            8.
  66       98       12      209            9.
  67      112       93      191           12.
  68      118       56      210           11.
  69      122      101      123           11.
  70       41       20      221           12.
  71      113      101      189            9.
  72       93      104      230           10.
  73       98       41      215           12.
  74      127       23      188           10.
  75       51       93      124           12.
  76       14       65      206           10.
  77       37       89      174           12.
  78      109      130      120            8.
  79      109       85      117           11.
  80       88       99      205           10.
  81       46       93      122            9.
  82       88       87      125           11.
  83       53       96      222           12.
  84       13       68      200            8.
  85       69       10      146            9.
  86       55      101      196           10.
  87       15       22      158           10.
  88      102       55      198           12.
  89       99       34      180            8.
  90       89       16      228            8.
  91       42      114      222           10.
  92       44       46      135           12.
  93       16       15      209           11.
  94      118      124      218           11.
  95       13       20      214            9.
  96       52       43      166            8.
  97       43       61      225           10.
  98       97       44      139            8.
  99       35       89      172           10.
 100       69      102      132           10.
 101       64       93      219           10.
 102      110      112      128           12.
 103      105       21      163            8.
 104      117       91      152           12.
 105       76       62      172            8.
 106      108       16      130            9.
 107       28       94      214           12.
 108       24      113      205            9.
 109       84       83      149            8.
 110       65       35      228           12.
 111       55       19      205           10.
 112      114       61      215            9.
 113      119       43      116            9.
 114       39       63      219            9.
 115       62       34      168           11.
 116       97       24      160            9.
 117       31       55      139           12.
 118       33       10      192           11.
 119      119       14      133            9.
 120       84      128      128           12.
 121       40       80      155           12.
 122       56       31      161            9.
 123       55      106      126           10.
 124      107       71      153           11.
 125      103      126      125           10.
 126       58       80      228            9.
 127       63       13      218            9.
 128       99      127      229           12.
 129       75      124      182            8.
 130       21       72      154           10.
 131       63       16      197           11.
 132       25       26      206           10.
 133       56      110      146           10.
 134       40      115      162            9.
 135      101       12      137           12.
 136       13       94      196           10.
 137       20       58      122            8.
 138       46       19      216            9.
 139      111       15      220           10.
 140       41      128      205           10.
 141       68       44      225           10.
 142       57       10      173           12.
 143      123       23      201            8.
 144      125      108      183            9.
 145       17       26      190           10.
 146      100      120      224            9.
 147       51       46      163            9.
 148       10       51      170           12.
 149       72      118      145            8.
 150      118      119      215            9.
 151      117       44      222            8.
 152       82       81      190           12.
 153       67      120      198            9.
 154      121       51      219            9.
 155       62      122      150           11.
 156       42       53      193            8.
 157       24       36      201            8.
 158       51      108      207            8.
 159       78       98      141           11.
 160      113       67      219           11.
 161       36       54      119            9.
 162       63       50      167           10.
 163       78       84      191           12.
 164       56       78      208           12.
 165       63      110      142           11.
 166       41       24      145           12.
 167       74       96      206           12.
 168       85      114      151           11.
 169       75       44      154            9.
 170       36       96      115            9.
 171       11      110      146           10.
 172       10       53      122           11.
 173       43       25      172           11.
 174       40      129      139           12.
 175       12      116      214           10.
 176       34      130      223           12.
 177       73       24      127            9.
 178      109       63      128           12.
 179      121       47      122            9.
 180       19       83      132            9.
 181      113       18      216            9.
 182      100       59      123            8.
 183       27       97      131           12.
 184       21       16      126           10.
 185       65       52      153            9.
 186       61       40      127           12.
 187      102       38      218           11.
 188       29       58      204           12.
 189      100       38      195           10.
 190       33       67      117           10.
 191      108      130      115            8.
 192       79       64      229            9.
 193       48       43      177           11.
 194       53      120      228            8.
 195       98      111      199            8.
 196      105       74      228           12.
 197       18       31      192           11.
 198       71       57      188           12.
 199       36       37      188            9.
 200       76       61      155            8.
 
RECHARGE POINTS:
  NO.  XCOORD.  YCOORD.  T0CHAR  TECHNOLOGIES
 
   0       70       70       0.         1 0 0
 201       70       70       5.         0 1 1
 202       40       40       5.         0 1 0
 203       70       40       5.         0 1 1
 204      100       40       5.         0 1 0
 205       40       70       5.         0 1 1
 206      100       70       5.         0 1 1
 207       40      100       5.         0 1 0
 208       70      100       5.         0 1 1
 209      100      100       5.         0 1 0
 
TECHNOLOGY KINDS:
  KIND  SPEED RECHARGE  UNIT COST
 
     0           3600.      0.160
     1          20000.      0.176
     2          45000.      0.192
 
END
