NAME: TEST-12-N200
 
--------------------------------------------------------------------------------
 
$ DATA SECTIONS
 
  NN  NK  NR NTR    VEL    BMAX    CPOW TIMEMAX QMAX F0CHAR F0VEHIC
 200  50   9   2    25.  20000.    125.    480. 2300   2.27   100.
 
CUSTOMERS:
  NO.  XCOORD.  YCOORD.  DEMAND  SERVICE TIME
 
   1       14       98      152           11.
   2      105       87      197           10.
   3       56      130      183           10.
   4       93      114      151           12.
   5       64      104      159           11.
   6       35       82      167            8.
   7       70       96      194            9.
   8       28       94      195            9.
   9       38       53      193            9.
  10       72       23      218           12.
  11       36      120      213            8.
  12       82       12      210           10.
  13       33       44      150            9.
  14       81       51      166            8.
  15       66       96      200           12.
  16       46       31      131           12.
  17      130       55      132            9.
  18      120       23      124           11.
  19      109      111      119            8.
  20      117      118      135            9.
  21       45       74      156            9.
  22       36       69      136            8.
  23       84       84      137           10.
  24      120       43      132           11.
  25      127       27      205           12.
  26       65       95      168            9.
  27       74       33      204            8.
  28       76       78      147           12.
  29       43       29      207           11.
  30      110       94      131            9.
  31       67       74      130           12.
  32       22       86      119           10.
  33       65       31      229            8.
  34       86       51      176           12.
  35       79       53      150            8.
  36      117      128      117           12.
  37       34       69      119           11.
  38      126       74      125           12.
  39       31       29      119           12.
  40       56       77      189           12.
  41       62       18      125            8.
  42       57      113      225           12.
  43       64      123      193            9.
  44       96      112      128           10.
  45      120       19      135            9.
  46       68       99      188            9.
  47      108       58      178           10.
  48       85      109      164           11.
  49       39      100      200            8.
  50       59       56      218           10.
  51       26      114      195           11.
  52       11       30      150           12.
  53       58       61      154            9.
  54       69       90      163           10.
  55       23       95      177           12.
  56       65       19      207            9.
  57       33       93      129            9.
  58       12       39      156            8.
  59       73       50      135            8.
  60       55       35      200            8.
  61      125       81      174           12.
  62       91       76      186           12.
  63       12       58      151            9.
  64       44       95      185            8.
  65      125       32      164           11.
  66      123      114      204           11.
  67       52       41      129           12.
  68       14       60      210           12.
  69       82       47      174           11.
  70      100      117      134           11.
  71       35       45      218           11.
  72       85      103      187           12.
  73       25       58      223           12.
  74      114       41      127            8.
  75       80       93      221            9.
  76       11       81      169            8.
  77      122       56      116            8.
  78       79       58      149           10.
  79      118       66      207            9.
  80       32      130      125           10.
  81       36       14      170           12.
  82       56       65      217           10.
  83      121      129      171           11.
  84       52       65      128           10.
  85       79      126      142            8.
  86       67      127      184           11.
  87       96       14      210           11.
  88      120      112      210            9.
  89       36       63      191           11.
  90      104       12      137            9.
  91       12       11      190            9.
  92       69       30      195            9.
  93      106       90      156           11.
  94       64       39      143           10.
  95      106       16      119            9.
  96       13       57      147           11.
  97       99       53      195           11.
  98       46       33      122            8.
  99       75       80      164            9.
 100       95      107      193           11.
 101       75       13      140           12.
 102      130       96      134            8.
 103       91      127      185            8.
 104       25       46      183           10.
 105       76       34      192            9.
 106      121      101      204            8.
 107       22       72      163            8.
 108      109       20      177           10.
 109       36       94      130           10.
 110       26       38      136           10.
 111       62      128      189           11.
 112       44       61      223           11.
 113       41       33      170           11.
 114      105       50      148           11.
 115       73       65      225           10.
 116       63       99      125           10.
 117       73      130      203            9.
 118       23      119      121           12.
 119       98      116      134           10.
 120       94       34      197            9.
 121       27       21      186            9.
 122       51       27      142           10.
 123       47       14      160           11.
 124      122      112      227           12.
 125      115       59      159           12.
 126       86       70      192           12.
 127       13       62      176            8.
 128      104       23      156            9.
 129       78       56      188           11.
 130      101      124      225           11.
 131      123       99      125           12.
 132       43       96      163            8.
 133       19       63      186           12.
 134       64       10      188           12.
 135       80       73      209           11.
 136      111       15      117            9.
 137       20       49      130           12.
 138      116       96      134           12.
 139       51      124      134           11.
 140       53       15      133            8.
 141       65       90      223           11.
 142       96       64      176            8.
 143       78      124      186           12.
 144       37       38      156           11.
 145       29       67      138            8.
 146       11       38      226           12.
 147       70       12      147           12.
 148       64       45      217           12.
 149       94       30      125            9.
 150       25      119      223            8.
 151       40       74      167            8.
 152       67       18      195           12.
 153       63       27      222            9.
 154      120       15      118           11.
 155       76       15      217           12.
 156       83       64      122           11.
 157      112       79      115           11.
 158      119       88      219            8.
 159       88      111      213           11.
 160       21       98      166            8.
 161      116       90      217           12.
 162       30       58      138           10.
 163       54       96      210           11.
 164       31       40      221           11.
 165       84       85      175           11.
 166      113       95      209            8.
 167       82       62      182           12.
 168       79       41      170            9.
 169      128       78      222            9.
 170       73       49      209            9.
 171      117       82      170            9.
 172       62       20      194           12.
 173       86       27      207           10.
 174       33      128      138           10.
 175       23       20      190           11.
 176      130       16      136           11.
 177       65       81      228            9.
 178       61       39      204            8.
 179       71       16      171           12.
 180       56       30      131            8.
 181       58       49      136            9.
 182       98       77      115           12.
 183       35       16      156           10.
 184       98       74      169            8.
 185      106       44      197           12.
 186      101      112      229           12.
 187      109       49      119           11.
 188       40       23      224            9.
 189      109       43      183            8.
 190      126       78      173            8.
 191       74      130      190           10.
 192       58      106      171           11.
 193       89       67      167            9.
 194       76      118      132           11.
 195       57       47      136           10.
 196       84       27      151            9.
 197       60       95      161           10.
 198       97       54      196            9.
 199       99       29      149            9.
 200      120       52      190           10.
 
RECHARGE POINTS:
  NO.  XCOORD.  YCOORD.  T0CHAR  TECHNOLOGIES
 
   0       70       70       0.         1 0 0
 201       70       70       5.         0 1 1
 202       40       40       5.         0 1 0
 203       70       40       5.         0 1 1
 204      100       40       5.         0 1 0
 205       40       70       5.         0 1 1
 206      100       70       5.         0 1 1
 207       40      100       5.         0 1 0
 208       70      100       5.         0 1 1
 209      100      100       5.         0 1 0
 
TECHNOLOGY KINDS:
  KIND  SPEED RECHARGE  UNIT COST
 
     0           3600.      0.160
     1          20000.      0.176
     2          45000.      0.192
 
END
