NAME: TEST-11-N200
 
--------------------------------------------------------------------------------
 
$ DATA SECTIONS
 
  NN  NK  NR NTR    VEL    BMAX    CPOW TIMEMAX QMAX F0CHAR F0VEHIC
 200  50   9   2    25.  20000.    125.    480. 2300   2.27   100.
 
CUSTOMERS:
  NO.  XCOORD.  YCOORD.  DEMAND  SERVICE TIME
 
   1       61       36      139            8.
   2       96      125      193            9.
   3       55      110      211           10.
   4      128       77      155            8.
   5       42       60      187            8.
   6       14       18      174            8.
   7       34       41      221            9.
   8       53       23      216           11.
   9       54       15      167           12.
  10       99       86      124           12.
  11       76       17      194            9.
  12       63       64      119            9.
  13       84       58      220           10.
  14       51      101      170            9.
  15       69      106      150           10.
  16       51       10      227            9.
  17       83      118      156           11.
  18       74       52      164            9.
  19       79       21      165            8.
  20      107       11      213            8.
  21      127      113      115            8.
  22      103      111      171           11.
  23       16       25      184            9.
  24       21       11      224           12.
  25       87       41      148            8.
  26       61      120      118           10.
  27      124       23      193            9.
  28       93       52      132           11.
  29       83      109      164            9.
  30       70       42      187           11.
  31      108       93      147           11.
  32       18       78      191           12.
  33       39      114      229            9.
  34       17       65      132            8.
  35       55      120      204           10.
  36       66       82      145           11.
  37       22       33      215           11.
  38       35      102      188           11.
  39       37       58      211           12.
  40       92       32      181           11.
  41       87       79      157            8.
  42       85       54      117           10.
  43      108       84      190            9.
  44      127       53      172           11.
  45       16       36      121            9.
  46       77       96      176           12.
  47       79       24      210           10.
  48       69       46      148            9.
  49      118      109      202            8.
  50      113      109      225            8.
  51      115       17      222           11.
  52       25       96      187            9.
  53       18       21      228            8.
  54       38      104      160           10.
  55       45      100      210           12.
  56       90       47      197            9.
  57      115      118      131            9.
  58       70      102      201           10.
  59       44      102      173            9.
  60       74       59      207            8.
  61       84      123      174           11.
  62       38       78      164            9.
  63       89       12      206           12.
  64      118       70      184            9.
  65       79       15      125           12.
  66      127       54      196            9.
  67       43       43      158            9.
  68      126      113      192           12.
  69       17       14      223            9.
  70       91       12      117           10.
  71      122       28      145           12.
  72       52       24      146            8.
  73       35       53      194           12.
  74      127       24      123           12.
  75       69       35      137           10.
  76       40       36      158            8.
  77       59       84      138            8.
  78       18      108      128           11.
  79       46       81      212           12.
  80       80       36      116           10.
  81       20      103      126            9.
  82       95       97      129           11.
  83       80       64      123            8.
  84       79      113      175           12.
  85       56      124      216            8.
  86       17      120      146           12.
  87       37       73      197           11.
  88       52       14      162           12.
  89       80       68      146           12.
  90      117       45      222            9.
  91       45      119      160            9.
  92       17       91      145            8.
  93       50       60      216           11.
  94       87       29      184           12.
  95      125      110      169           11.
  96       97      126      129           12.
  97      111       99      188           11.
  98       85       65      117            9.
  99       53       89      172            9.
 100       96       59      182           11.
 101      104       75      172           12.
 102      112      110      221           11.
 103       53       28      130           10.
 104       11       97      141           11.
 105       15      104      197            8.
 106       56       54      116           10.
 107       91       74      152            8.
 108       73       56      199           12.
 109       38       43      154           10.
 110       43      116      136           12.
 111       50      102      210           11.
 112       86      120      202           12.
 113       37       27      165            9.
 114      118       45      210            9.
 115       26       25      192            9.
 116       82      103      198           10.
 117       64       49      164           12.
 118       44      116      180            9.
 119       74       92      180            9.
 120      118      124      190           12.
 121       34      106      195           11.
 122       78       13      223            9.
 123       43       23      162           11.
 124      127      129      129            9.
 125       82       78      116           11.
 126       76       95      199            9.
 127       46      130      215           11.
 128       75       83      192            9.
 129       81       16      126           10.
 130       67       78      180           10.
 131       89       13      195           10.
 132       25       84      171           11.
 133       67       98      165           12.
 134      110      100      149           11.
 135       59       67      227            9.
 136       49       27      129           12.
 137       56       35      175           12.
 138       38      114      203           11.
 139       11       16      170           10.
 140      120      103      125           11.
 141      112       29      138           12.
 142       71      118      230           10.
 143       75       69      180            8.
 144      130       28      230           11.
 145       36      118      181           12.
 146       74       64      211           11.
 147       10       83      144           10.
 148       83       38      124           10.
 149      103       79      176            9.
 150      111       87      154           11.
 151       27       19      175            9.
 152       70       11      202           12.
 153       85       86      122           12.
 154       94       60      190           10.
 155       71       86      220            9.
 156       74       67      206           11.
 157       38       42      148            8.
 158       84      101      216           12.
 159       45      103      120            9.
 160       90       59      155            8.
 161       50       90      138           11.
 162       40       81      143           12.
 163      107       47      127           11.
 164       37       93      175           12.
 165      103      104      172           11.
 166       50      120      190           11.
 167       18       27      147           12.
 168       85       82      135           10.
 169       14       70      230           12.
 170       77      113      196            8.
 171      117      112      181            9.
 172       53       21      117            9.
 173       50       57      119           10.
 174       80       60      138           11.
 175      130       78      156           11.
 176       82       58      142           10.
 177      103       75      161            8.
 178       26      104      164           12.
 179       59       72      210            9.
 180      127       47      172            8.
 181       45       81      154           10.
 182       57       78      164            9.
 183      107       34      154            9.
 184      107      113      133           11.
 185      105       74      228            8.
 186       90       52      156           12.
 187      114       74      161           10.
 188       18       60      150            9.
 189       47       94      203           10.
 190       24       26      180           12.
 191       28      114      200           12.
 192      112       97      227            8.
 193       26       21      130            8.
 194       52       70      120            9.
 195       48       67      171            9.
 196       67      116      163           10.
 197       54       81      119            9.
 198       55       32      185           12.
 199       54       93      158           10.
 200      111       44      119            8.
 
RECHARGE POINTS:
  NO.  XCOORD.  YCOORD.  T0CHAR  TECHNOLOGIES
 
   0       70       70       0.         1 0 0
 201       70       70       5.         0 1 1
 202       40       40       5.         0 1 0
 203       70       40       5.         0 1 1
 204      100       40       5.         0 1 0
 205       40       70       5.         0 1 1
 206      100       70       5.         0 1 1
 207       40      100       5.         0 1 0
 208       70      100       5.         0 1 1
 209      100      100       5.         0 1 0
 
TECHNOLOGY KINDS:
  KIND  SPEED RECHARGE  UNIT COST
 
     0           3600.      0.160
     1          20000.      0.176
     2          45000.      0.192
 
END
