NAME: TEST-24-N400
 
--------------------------------------------------------------------------------
 
$ DATA SECTIONS
 
  NN  NK  NR NTR    VEL    BMAX    CPOW TIMEMAX QMAX F0CHAR F0VEHIC
 400 100   5   2    25.  20000.    125.    480. 2300   2.27   100.
 
CUSTOMERS:
  NO.  XCOORD.  YCOORD.  DEMAND  SERVICE TIME
 
   1       11       10      115           11.
   2       47       68      195           11.
   3       33       40      222           10.
   4       54       44      163           10.
   5       32       19      214            9.
   6       71       55      143           10.
   7       65       74      121           12.
   8       22       53      128            9.
   9       55       41      195            8.
  10       12       24      209            8.
  11       52       52      198            8.
  12       55       14      185           11.
  13       66       55      121           10.
  14       33       13      201            8.
  15       50       35      197           10.
  16       52       60      219           10.
  17       57       46      198           12.
  18       18       58      220           11.
  19       31       66      204           12.
  20       71       13      143            8.
  21       31       19      189            8.
  22       53       74      156            8.
  23       57       20      134            9.
  24       65       38      126            8.
  25       52       64      211           11.
  26       30       23      152            9.
  27       50       62      138           12.
  28       22       30      182           12.
  29       52       35      141           11.
  30       64       55      207            8.
  31       37       63      198           12.
  32       12       17      163           10.
  33       23       63      197            8.
  34       20       49      203           11.
  35       29       44      191           12.
  36       55       29      151           12.
  37       69       49      133            8.
  38       53       43      134           11.
  39       46       23      226            9.
  40       70       75      222           11.
  41       41       69      193           10.
  42       18       46      121           11.
  43       23       56      170           11.
  44       56       21      172            9.
  45       42       35      207           10.
  46       19       58      147            9.
  47       72       71      119           12.
  48       17       35      177           11.
  49       58       46      118           10.
  50       33       27      130           10.
  51       69       34      196           10.
  52       60       73      220           10.
  53       67       12      133           12.
  54       54       42      192           12.
  55       35       64      172           10.
  56       20       14      155            8.
  57       18       57      135           12.
  58       65       68      217           10.
  59       27       35      174           10.
  60       20       15      211           12.
  61       33       54      214           12.
  62       43       51      117            8.
  63       38       29      154           12.
  64       14       37      130           12.
  65       16       15      213           10.
  66       44       57      164            8.
  67       73       13      197           11.
  68       21       42      147           12.
  69       60       46      137           11.
  70       27       36      173            9.
  71       66       10      151            8.
  72       52       69      210           11.
  73       74       46      197           11.
  74       65       69      155            9.
  75       49       35      180           11.
  76       13       15      203            8.
  77       45       67      121            8.
  78       61       75      161            8.
  79       37       74      154           12.
  80       67       39      211            9.
  81       27       49      228            8.
  82       33       74      188            9.
  83       64       33      203           10.
  84       65       27      167            9.
  85       14       67      193           11.
  86       61       59      134           11.
  87       56       25      160           11.
  88       15       49      128            9.
  89       51       12      127           12.
  90       15       24      215           12.
  91       66       11      208           10.
  92       11       49      215            8.
  93       33       31      149            8.
  94       21       31      122            9.
  95       23       73      206            8.
  96       51       70      230            9.
  97       17       62      201           12.
  98       35       75      145           12.
  99       11       50      164           11.
 100       11       21      153           11.
 101       14       62      124           12.
 102       68       36      224            8.
 103       24       30      221           10.
 104       65       42      181           12.
 105       75       44      198           10.
 106       57       56      171           11.
 107       59       32      184            8.
 108       20       42      141           10.
 109       13       26      193            8.
 110       15       38      209            9.
 111       17       56      192            8.
 112       32       60      213            9.
 113       63       54      218           12.
 114       67       71      212           10.
 115       19       63      224            9.
 116       22       20      125           10.
 117       44       44      216           11.
 118       38       68      140            9.
 119       21       34      143           11.
 120       24       48      165           11.
 121       14       17      185           10.
 122       17       25      166           11.
 123       50       17      208            8.
 124       11       38      152           12.
 125       48       31      194            8.
 126       75       31      147           11.
 127       40       66      221           12.
 128       20       19      155           10.
 129       62       46      180           12.
 130       44       38      216            9.
 131       70       54      122           12.
 132       55       31      206           10.
 133       18       13      115           11.
 134       37       40      125           10.
 135       53       21      134           12.
 136       37       57      172           11.
 137       25       73      227           12.
 138       47       24      134           11.
 139       59       52      191            9.
 140       54       70      174            9.
 141       74       40      130           12.
 142       22       72      197            8.
 143       43       70      228           10.
 144       45       21      193           10.
 145       14       72      172           12.
 146       47       10      197            9.
 147       52       13      172            9.
 148       11       72      170            9.
 149       19       20      201           10.
 150       70       47      171            9.
 151       73       26      136           12.
 152       51       11      190            8.
 153       43       35      116           11.
 154       25       70      194           11.
 155       60       47      130            8.
 156       47       18      137           12.
 157       41       70      223           11.
 158       66       40      117           12.
 159       62       44      120           11.
 160       60       43      226           11.
 161       10       39      157           12.
 162       37       12      228           11.
 163       25       22      124           10.
 164       73       20      149           10.
 165       35       26      199           12.
 166       35       65      128           10.
 167       37       29      208           11.
 168       40       57      127           12.
 169       55       33      156           10.
 170       61       54      161            9.
 171       48       27      130           10.
 172       27       59      226            8.
 173       68       49      132            8.
 174       14       33      137            9.
 175       42       11      134           11.
 176       68       48      194           10.
 177       37       23      197           10.
 178       28       11      189            8.
 179       74       20      212            9.
 180       20       13      141           12.
 181       28       46      145           10.
 182       43       53      116            9.
 183       42       42      173           10.
 184       74       27      212            9.
 185       30       14      218            8.
 186       17       52      154           12.
 187       55       49      210           11.
 188       20       66      141           12.
 189       13       61      177            9.
 190       72       42      151           11.
 191       64       60      122           10.
 192       59       43      192            9.
 193       11       27      146           11.
 194       35       62      145           10.
 195       27       24      174           11.
 196       13       58      143            8.
 197       61       32      153            9.
 198       27       66      211           12.
 199       23       65      182           11.
 200       26       18      124           10.
 201       11       17      120           12.
 202       45       28      191           12.
 203       53       20      165           11.
 204       18       37      196            8.
 205       58       28      223            8.
 206       44       56      134           11.
 207       16       17      167           12.
 208       34       75      172           10.
 209       40       30      146            8.
 210       54       58      125            8.
 211       33       21      198            8.
 212       32       14      171            8.
 213       38       31      200           12.
 214       12       71      141            8.
 215       17       43      143           11.
 216       22       43      126           10.
 217       39       71      157            9.
 218       37       54      185           12.
 219       47       39      204           11.
 220       35       38      168            9.
 221       49       75      213           12.
 222       68       44      125           12.
 223       12       40      183            9.
 224       69       15      197            8.
 225       46       24      193           12.
 226       13       73      147           11.
 227       67       53      165            8.
 228       61       27      166           12.
 229       17       11      183           12.
 230       11       30      180           12.
 231       38       14      141           10.
 232       32       10      165            9.
 233       25       19      186           12.
 234       13       10      129           11.
 235       16       44      204           12.
 236       20       48      205            8.
 237       19       19      214           11.
 238       60       70      175           11.
 239       37       68      186           10.
 240       45       31      174           12.
 241       64       36      150           10.
 242       69       21      159           12.
 243       42       38      144            8.
 244       40       28      135           11.
 245       34       20      166           11.
 246       17       16      213           11.
 247       48       24      215            9.
 248       64       45      200            9.
 249       59       64      227           10.
 250       35       74      198           12.
 251       57       11      182            9.
 252       68       51      181            9.
 253       24       27      124           12.
 254       73       27      154            9.
 255       67       48      211            8.
 256       13       68      193           11.
 257       34       10      129            9.
 258       30       59      180           12.
 259       27       11      195           10.
 260       26       37      132            8.
 261       70       22      182           12.
 262       41       51      183           12.
 263       38       11      139           12.
 264       64       14      116           11.
 265       29       74      222            8.
 266       74       13      147            9.
 267       23       51      159            9.
 268       12       33      168           11.
 269       51       50      117            8.
 270       57       66      152            8.
 271       70       65      216           11.
 272       36       62      226            9.
 273       43       45      136           11.
 274       71       69      211           12.
 275       38       15      194            9.
 276       36       40      157           10.
 277       54       37      165           10.
 278       28       41      212            8.
 279       62       52      127            9.
 280       15       44      217           10.
 281       46       64      224            9.
 282       60       33      156           11.
 283       41       43      208           10.
 284       40       10      206            8.
 285       58       36      150            8.
 286       36       38      167            8.
 287       62       43      223            8.
 288       67       33      176            8.
 289       65       10      127           12.
 290       39       41      136           10.
 291       43       62      210            9.
 292       18       29      129           10.
 293       65       18      213           10.
 294       30       62      217            8.
 295       44       46      150            8.
 296       71       58      173           11.
 297       50       32      200           11.
 298       46       50      191           12.
 299       39       33      190           11.
 300       55       60      208            8.
 301       26       13      142           11.
 302       32       70      188            8.
 303       69       68      172           12.
 304       17       47      129           12.
 305       39       62      123           12.
 306       41       57      176            9.
 307       26       12      227            8.
 308       75       37      122            8.
 309       61       26      166            9.
 310       19       55      187           11.
 311       43       32      201           11.
 312       68       23      136            8.
 313       74       67      208            8.
 314       17       18      229           10.
 315       18       12      222           12.
 316       38       71      215           10.
 317       44       72      174           12.
 318       29       14      207           11.
 319       17       34      220           10.
 320       12       19      186            9.
 321       67       59      227           12.
 322       44       60      190            9.
 323       24       71      230            9.
 324       11       67      152           11.
 325       61       20      160            8.
 326       50       61      142           12.
 327       64       11      216           10.
 328       52       73      173           11.
 329       69       37      179           11.
 330       51       22      207           11.
 331       36       28      146           11.
 332       28       66      201           12.
 333       44       47      167            9.
 334       36       75      179           12.
 335       50       54      195           10.
 336       51       31      118            8.
 337       70       51      142           10.
 338       42       32      218            9.
 339       52       39      143           10.
 340       28       30      179           10.
 341       38       44      136           11.
 342       16       13      215           10.
 343       23       61      196            8.
 344       10       42      155            8.
 345       11       42      118           11.
 346       58       45      127            8.
 347       35       20      146           11.
 348       57       22      204           12.
 349       33       48      230            8.
 350       69       19      147           12.
 351       13       25      197           10.
 352       13       35      197            9.
 353       11       12      200            8.
 354       16       26      200            8.
 355       29       75      164           12.
 356       29       65      179           12.
 357       55       57      199           11.
 358       70       23      198            9.
 359       54       72      172           12.
 360       34       69      123           10.
 361       67       62      173            9.
 362       14       28      212            8.
 363       12       37      132           12.
 364       54       41      206           12.
 365       66       67      221            8.
 366       45       52      225            8.
 367       36       21      157           11.
 368       37       15      219            8.
 369       62       22      156            8.
 370       31       11      139            8.
 371       22       55      127           12.
 372       11       51      153            9.
 373       39       61      209           11.
 374       70       17      168           11.
 375       74       24      189           11.
 376       48       15      226           12.
 377       65       13      185            9.
 378       33       41      205           10.
 379       37       25      184           10.
 380       52       23      181           11.
 381       40       39      137            8.
 382       43       66      196           11.
 383       19       70      125           12.
 384       55       63      226           11.
 385       60       57      168           12.
 386       19       73      125           10.
 387       26       73      224            9.
 388       29       56      153           12.
 389       35       37      216            9.
 390       36       42      126           12.
 391       54       11      135           12.
 392       46       62      124           10.
 393       16       72      120           10.
 394       27       22      208            9.
 395       47       11      165           10.
 396       14       75      189            8.
 397       33       11      212           11.
 398       13       64      165            8.
 399       21       44      139            8.
 400       67       75      194            8.
 
RECHARGE POINTS:
  NO.  XCOORD.  YCOORD.  T0CHAR  TECHNOLOGIES
 
   0       10       10       0.         1 0 0
 401       10       10       5.         0 1 1
 402       42       26       5.         0 0 1
 403       26       42       5.         0 0 1
 404       58       42       5.         0 0 1
 405       42       58       5.         0 1 1
 
TECHNOLOGY KINDS:
  KIND  SPEED RECHARGE  UNIT COST
 
     0           3600.      0.160
     1          20000.      0.176
     2          45000.      0.192
 
END
